20
950
776
856
946
66
850
452
94
752
779
311
419
862
297
739
107
358
369
311
878
198
499
291
860
956
259
900
885
2
986
741
121
92
317
300
258
300
458
131
63
202
952
33
371
750
482
17
644
756
423
243
345
122
827
314
607
674
459
267
925
356
338
22
977
532
354
486
548
381
696
263
426
219
463
927
213
297
1
592
547
349
219
320
733
641
549
646
63
849
247
962
710
230
403
946
553
748
174
134
904
411
634
7
679
498
855
748
739
762
469
120
517
57
264
213
725
486
526
281
534
78
555
162
75
98
257
144
454
27
971
647
587
917
427
444
739
645
173
189
348
220
571
914
338
545
53
181
525
86
318
182
323
472
676
464
867
962
806
509
657
808
215
867
183
644
835
803
319
645
918
506
255
314
898
553
243
275
497
68
252
946
418
873
913
317
510
521
184
771
440
381
980
627
59
304
34
134
896
516
955
491
884
206
553
212
787
33
602
980
630
508
188
381
801
566
12
898
603
240
542
195
518
424
14
473
816
122
911
667
43
399
96
801
534
765
122
621
595
956
933
464
161
244
345
126
778
675
294
774
546
67
661
136
118
174
522
824
971
962
211
2
260
980
411
7
160
240
79
878
732
923
60
150
771
177
318
324
770
292
130
288
716
326
163
662
656
972
16
513
320
815
111
588
97
720
581
301
718
805
416
344
555
687
167
931
938
644
461
368
575
373
212
118
21
299
214
840
441
424
989
870
397
113
411
638
204
277
114
540
549
941
153
365
281
301
415
79
605
684
504
339
167
441
238
135
757
716
767
228
173
699
155
344
778
65
341
981
337
732
814
436
909
375
593
50
229
565
790
227
36
206
176
530
286
465
375
304
142
647
258
730
890
501
533
86
558
179
353
554
455
625
401
75
327
858
752
529
609
190
162
609
383
210
263
651
785
719
541
315
702
359
473
336
747
958
779
489
770
909
821
767
137
44
55
33
115
267
501
960
868
428
796
759
705
388
125
707
57
452
218
639
530
791
336
370
127
13
845
674
383
387
406
204
117
249
781
310
93
324
9
198
488
409
305
801
578
917
64
210
358
364
460
118
910
289
502
926
379
787
270
339
537
174
860
313
654
941
978
727
584
629
899
654
108
460
169
88
826
241
386
986
662
644
561
306
831
482
796
603
250
193
39
125
120
207
510
142
767
923
314
495
806
382
174
451
853
648
371
257
336
699
632
912
346
885
321
595
801
62
441
679
955
435
192
984
212
978
293
639
380
192
988
410
75
265
393
364
334
783
181
971
214
742
486
506
381
61
169
239
150
994
966
167
874
821
615
369
513
988
871
964
276
811
949
542
67
689
952
580
817
587
9
337
625
674
751
522
190
836
684
920
585
228
532
815
622
641
107
37
890
930
822
141
791
746
392
157
303
206
267
469
21
501
116
689
588
549
828
542
170
855
234
315
357
879
861
952
314
703
100
899
306
236
144
430
509
205
77
969
647
549
458
195
554
799
479
120
748
556
992
809
566
366
383
29
834
203
847
518
633
945
886
699
696
921
384
431
988
108
802
164
444
678
441
850
911
483
916
936
989
787
136
864
1000
780
286
11
357
285
84
514
562
298
287
881
870
570
637
383
454
745
552
625
721
522
74
626
503
325
706
830
624
303
661
583
743
146
380
947
424
4
87
448
31
437
782
803
488
271
661
906
358
100
612
373
9
591
849
776
569
326
885
637
46
740
810
929
542
54
837
297
377
133
137
725
601
706
818
246
641
525
958
371
655
337
166
675
565
891
826
237
733
232
500
175
457
280
638
437
156
293
136
796
275
106
256
776
247
598
635
122
673
371
612
423
549
991
367
686
754
29
551
117
139
424
851
453
152
201
475
601
875
345
747
927
857
142
147
153
316
638
512
731
289
811
856
478
893
39
595
188
882
933
505
546
848
335
543
326
77
478
562
92
748
321
483
875
68
948
730
752
951
52
319
602
744
240
251
430
664
159
614
8
659
590
791
854
78
225
505
232
430
783
422
272
289
584
728
226
885
376
272
897
564
608
71
787
967
126
235
756
801
841
499
752
82
544
112
644
409
465
933
843
484
491
725
150
794
483
673
288
307
422
783
960
787
812
268
795
33
144
873
19
604
488
807
642
8
530
749
955
52
799
279
715
339
575
537
296
546
703
