20
600
170
213
892
157
79
680
29
523
632
21
970
906
800
540
704
940
314
935
40
142
92
140
150
417
854
976
18
56
145
66
64
950
303
234
957
777
489
188
34
260
380
670
551
987
352
876
801
934
88
846
944
246
163
440
17
704
707
376
678
854
196
264
388
89
319
875
357
247
606
870
947
814
648
476
949
457
756
699
924
320
492
500
242
90
926
227
604
204
878
913
965
875
964
554
32
732
596
388
88
644
738
48
818
174
489
127
679
391
488
76
141
167
967
518
955
824
567
909
804
626
671
749
699
315
32
191
912
263
838
756
870
607
964
240
255
644
43
212
369
211
776
988
764
694
424
50
102
359
893
540
48
292
538
730
663
755
541
132
350
664
572
251
18
463
225
771
799
676
141
331
188
266
505
540
345
58
699
576
753
999
517
877
293
715
548
828
701
764
55
989
351
477
92
994
364
427
778
152
685
210
465
564
29
500
861
92
192
753
432
983
930
586
71
362
476
153
329
34
465
274
55
347
567
711
658
776
8
706
152
178
760
798
243
829
408
821
968
323
415
162
501
26
288
925
956
610
599
515
188
499
82
709
441
998
427
760
690
113
593
605
545
846
369
606
421
364
700
64
437
891
64
790
410
126
625
405
456
759
386
892
451
468
225
345
97
848
32
468
842
284
749
932
956
422
545
76
164
597
148
71
360
439
870
649
589
829
138
154
143
559
453
477
456
56
120
804
441
15
650
452
956
278
711
731
571
188
873
143
203
572
461
149
924
143
644
795
949
407
289
703
869
692
569
252
774
875
682
114
564
657
824
308
724
60
823
868
180
546
65
325
894
473
373
952
590
988
148
418
190
873
201
399
969
101
332
813
9
359
579
677
686
80
545
118
834
274
776
220
436
284
772
576
949
127
353
54
208
589
407
135
157
927
486
765
985
679
497
951
640
442
662
604
501
115
465
367
532
762
777
444
817
18
212
778
575
216
795
213
850
437
804
268
826
869
595
816
727
822
959
389
912
849
188
623
2
964
947
800
881
980
148
489
195
816
780
468
124
480
508
5
620
972
564
54
616
404
201
607
598
836
341
686
384
397
723
269
690
898
816
899
517
283
240
436
351
158
866
441
313
586
433
677
847
228
312
303
744
451
143
103
937
941
929
563
506
336
676
312
629
790
796
619
894
773
375
806
66
406
614
416
945
582
21
880
597
832
469
570
743
167
163
942
685
117
229
346
413
676
103
27
496
705
269
27
812
950
888
586
296
707
701
526
335
670
269
35
317
430
828
418
541
958
475
187
929
202
570
265
820
146
588
885
279
629
216
893
257
631
77
998
576
58
594
747
193
617
150
761
950
488
686
496
145
843
89
569
856
290
801
913
