20
250
713
886
250
448
410
835
560
205
584
35
119
400
367
442
978
882
389
780
332
745
976
755
758
237
329
100
41
439
99
324
123
826
773
286
870
843
639
432
560
603
890
155
715
690
989
736
138
923
948
141
610
846
599
610
96
438
219
779
147
241
384
339
732
124
424
131
152
406
372
950
653
442
140
891
615
789
250
825
164
846
313
886
244
492
575
901
586
618
645
596
970
291
88
151
161
305
142
676
3
145
353
383
87
819
224
151
982
38
927
845
380
692
218
151
492
628
935
162
177
311
900
101
119
193
380
457
689
713
313
999
530
909
305
401
71
556
694
811
492
586
618
924
59
302
16
908
490
2
220
428
714
986
638
185
213
11
990
5
478
700
276
641
63
645
714
388
458
972
416
273
851
467
12
432
534
199
6
715
891
212
970
644
152
383
674
179
55
303
904
708
678
203
837
320
717
836
137
962
869
224
115
226
49
311
712
931
906
161
420
209
890
716
631
844
691
743
9
247
525
618
694
12
838
492
876
149
337
330
47
296
267
169
304
835
268
888
197
227
455
75
699
727
357
249
466
28
942
648
730
273
