30
950
966
135
96
170
386
582
903
101
873
848
484
297
705
176
113
488
845
474
580
190
394
479
208
75
760
22
777
891
151
377
317
936
387
377
539
268
950
709
321
496
681
175
159
871
750
477
664
611
406
303
863
490
493
250
585
824
835
746
730
38
847
526
449
400
736
239
256
427
567
387
399
875
416
451
754
503
233
702
569
842
34
587
620
319
860
364
870
729
177
286
709
381
153
947
615
713
22
445
635
928
437
675
255
199
836
817
126
661
202
541
832
237
828
728
85
555
914
161
572
46
496
931
836
738
136
35
701
929
444
45
544
58
672
718
549
680
873
314
303
833
888
313
587
259
802
225
780
665
495
329
748
408
446
380
592
583
163
583
908
430
447
950
122
33
839
702
243
864
348
386
753
303
111
897
861
671
798
382
265
580
476
885
364
785
137
297
539
457
74
866
688
505
34
540
499
265
880
315
598
651
247
616
128
692
177
761
338
167
13
486
75
781
448
350
54
157
920
628
106
646
820
551
854
744
975
609
524
250
689
93
632
466
719
408
510
265
287
865
11
570
889
88
821
658
741
799
517
599
172
208
205
265
306
790
688
682
535
501
138
398
892
944
723
892
308
435
612
444
617
576
844
14
913
925
550
62
343
783
344
863
128
501
179
480
337
569
417
944
328
696
316
485
917
124
829
199
68
989
756
764
690
770
475
170
121
828
642
679
761
253
756
224
400
309
121
274
556
918
363
207
971
562
263
243
185
956
433
533
437
369
795
917
871
906
970
402
548
679
65
153
931
626
62
994
990
725
342
595
35
341
34
178
172
341
231
393
774
814
591
375
541
994
250
962
712
40
862
450
531
194
938
676
573
454
96
857
690
556
265
693
779
391
216
363
208
247
58
14
728
524
42
398
450
905
879
64
636
72
732
404
687
934
176
288
448
567
228
702
7
608
43
271
123
464
682
873
672
707
968
138
584
488
5
182
374
251
395
690
303
557
402
908
434
460
533
439
778
698
818
117
116
138
317
556
334
685
232
16
325
712
144
712
259
234
71
812
561
648
521
877
964
346
553
720
895
538
492
11
704
805
825
229
960
66
221
998
492
856
918
673
582
835
912
849
419
492
799
530
409
236
200
751
910
454
40
517
847
865
17
426
104
918
455
272
529
608
104
973
827
148
630
983
466
204
568
747
333
207
208
24
842
38
899
895
335
907
722
752
788
174
634
415
572
725
216
269
898
362
823
13
490
682
64
135
366
441
307
37
566
79
505
190
861
910
939
648
9
848
985
863
818
734
28
381
515
874
920
22
907
743
987
453
166
7
597
46
778
687
417
787
755
569
753
552
249
868
49
240
124
989
88
760
399
17
840
255
517
380
162
734
563
917
536
885
85
205
524
263
189
883
53
740
56
822
837
231
915
279
590
897
934
170
838
481
175
398
817
462
531
327
951
843
33
49
225
837
117
402
191
553
6
539
654
146
908
579
206
683
801
287
849
252
281
925
193
453
186
79
40
309
615
419
940
595
202
846
926
439
612
819
984
990
451
343
678
437
902
278
16
550
387
22
915
547
564
153
81
273
458
52
217
520
339
466
647
826
579
774
451
280
719
563
41
487
27
920
696
948
419
284
186
756
648
385
18
251
233
660
916
701
565
81
436
151
416
706
152
559
951
934
456
64
383
660
347
694
648
627
799
418
17
310
576
237
751
890
922
706
897
254
884
953
277
130
892
863
42
130
646
197
247
189
175
888
198
73
919
446
313
717
619
497
105
776
7
274
700
636
132
56
118
270
707
15
261
595
574
341
445
992
585
493
564
240
803
179
138
671
543
779
5
482
188
607
251
288
291
451
267
699
914
708
562
778
164
145
949
3
799
915
539
264
585
953
298
10
707
137
145
633
22
335
306
478
310
300
722
512
71
167
526
708
286
451
618
221
165
949
248
75
694
271
958
148
171
958
186
648
560
631
231
870
534
179
422
777
155
813
322
448
918
388
250
622
950
3
897
2
570
184
291
877
977
102
276
233
703
572
321
150
85
920
692
371
142
767
389
76
882
531
764
412
374
386
225
766
755
987
664
532
767
553
713
668
644
516
708
94
660
691
720
850
111
987
262
595
371
308
614
488
713
172
514
771
533
663
654
361
531
858
758
232
109
745
181
801
623
127
366
963
