30
250
711
610
221
866
577
806
778
137
850
308
908
116
614
384
408
758
835
712
67
825
646
977
388
365
191
388
214
938
956
813
701
407
163
455
417
156
985
14
791
481
504
34
808
495
435
714
478
617
117
860
914
984
367
797
221
556
291
668
325
594
312
478
206
377
709
623
437
932
851
149
502
815
319
579
73
310
689
940
849
333
418
111
574
416
430
129
509
120
72
534
578
427
528
723
741
308
994
455
759
885
416
400
250
737
166
744
573
820
49
370
845
557
131
942
80
323
330
450
280
301
816
641
401
618
976
753
120
883
565
656
483
598
746
424
785
414
811
40
851
384
257
203
74
14
827
547
957
12
106
598
252
827
230
251
182
469
112
984
742
968
647
878
352
790
992
498
119
786
151
163
494
936
27
600
662
435
297
64
347
396
363
393
714
786
140
692
800
461
254
680
556
391
939
21
787
822
47
300
956
888
52
873
214
206
730
385
699
236
492
7
751
401
578
971
912
147
466
683
207
275
376
688
695
640
371
959
194
877
967
839
696
19
142
105
351
325
662
469
982
638
844
850
814
470
280
842
832
667
276
7
