30
600
901
730
237
363
410
193
973
477
434
722
368
635
283
590
241
865
895
865
705
604
345
793
330
154
168
635
297
753
617
142
516
203
749
486
964
154
639
602
158
481
667
400
475
382
22
175
995
83
836
783
732
793
515
445
11
317
15
542
101
951
546
23
287
344
979
406
657
331
142
48
461
385
313
84
450
600
137
1000
830
376
782
904
873
7
949
133
874
264
609
405
389
299
555
628
737
962
535
72
499
522
949
969
767
829
189
237
90
39
646
329
615
297
879
700
85
176
799
450
214
809
898
772
329
454
370
472
10
213
133
465
453
358
696
981
747
756
784
314
409
650
157
612
699
378
385
599
119
857
613
393
22
744
773
567
954
544
238
459
510
43
196
9
469
654
643
909
71
630
165
497
936
557
931
38
972
810
14
385
517
654
646
132
537
447
378
361
498
766
445
51
290
384
38
35
332
424
735
109
790
822
414
520
483
937
792
234
672
903
882
207
165
479
148
333
957
769
196
62
697
329
403
616
644
958
899
915
263
564
414
831
257
60
463
510
977
235
842
315
560
799
795
24
64
163
739
16
181
972
251
579
84
203
73
771
669
818
661
250
68
823
182
992
275
139
224
886
937
523
103
72
397
276
688
927
203
517
364
961
889
405
909
236
506
1000
257
339
180
788
308
453
299
336
468
604
314
484
817
302
1
55
188
281
316
917
647
236
673
720
563
237
817
405
516
180
389
413
664
480
604
444
186
794
86
346
790
735
703
968
888
734
790
591
637
919
42
790
400
159
914
489
268
473
895
691
558
849
222
805
909
608
787
908
423
733
381
66
432
553
17
998
428
332
672
681
109
503
105
352
296
521
597
654
143
531
771
760
161
784
663
204
737
570
900
119
448
595
678
472
292
800
381
510
11
480
951
602
140
324
550
441
685
26
401
755
84
663
933
461
92
109
173
276
267
485
318
806
871
296
68
133
306
284
866
829
659
151
826
825
256
347
655
105
32
547
478
235
701
796
842
114
978
37
198
240
174
355
638
20
637
271
2
581
114
605
75
366
397
255
769
900
434
471
399
33
338
219
744
668
685
769
743
632
458
298
576
199
97
889
192
714
164
693
290
609
282
753
418
617
158
514
891
181
356
781
537
323
602
809
150
590
40
3
68
337
415
117
197
456
647
54
929
632
982
595
690
296
573
189
578
103
412
213
904
245
600
580
416
745
849
144
31
991
970
835
132
338
878
979
274
914
730
127
637
646
460
832
65
364
330
297
90
28
229
156
14
582
500
2
720
855
79
872
424
67
318
612
848
328
601
577
140
315
37
858
274
942
70
864
192
874
715
648
773
689
706
616
352
737
486
150
616
384
678
365
68
753
221
335
843
78
