40
600
498
629
983
405
122
735
197
998
152
597
971
853
441
615
700
469
529
347
196
769
312
873
958
707
105
607
281
526
724
387
315
880
941
817
135
997
83
701
924
714
588
53
424
67
957
71
419
75
905
59
351
286
726
753
807
385
371
766
251
270
526
160
838
31
829
192
91
40
618
263
211
383
525
750
359
771
544
538
323
278
234
893
797
696
516
260
64
601
720
483
461
493
807
980
514
793
528
889
166
574
980
818
174
204
254
328
106
954
898
81
961
473
300
194
871
272
862
915
215
480
187
417
191
919
604
955
875
418
175
779
100
192
520
318
6
70
806
62
886
419
234
54
350
820
637
923
538
706
476
908
302
954
34
348
289
116
930
594
577
985
384
617
862
323
124
251
342
272
48
930
866
305
493
221
298
485
523
938
799
150
340
877
771
225
195
22
441
857
355
65
455
948
917
147
479
316
871
667
466
122
72
292
401
330
176
928
474
401
841
579
129
795
598
399
131
232
620
543
33
424
896
814
302
109
582
196
823
504
234
702
491
536
528
326
295
897
95
998
829
25
20
892
757
327
400
857
707
240
11
324
137
48
426
655
612
343
565
197
983
107
536
556
198
497
695
912
701
991
859
51
519
173
460
541
880
636
388
444
683
772
7
525
199
650
663
618
289
723
358
230
618
856
587
129
738
502
186
993
32
215
819
352
871
485
454
637
659
989
525
908
35
846
589
129
112
975
305
101
987
379
907
970
483
646
579
47
547
583
443
317
952
539
338
661
448
497
9
144
627
599
843
205
925
708
479
835
898
951
207
260
191
997
553
744
883
793
816
104
778
150
8
812
142
707
67
35
996
18
155
643
221
342
59
815
889
582
5
545
613
725
242
863
680
777
114
249
335
745
128
962
63
572
959
787
290
828
380
754
18
480
142
184
41
823
506
802
563
445
416
422
255
865
414
970
451
420
496
856
709
615
95
313
493
3
973
221
661
381
295
642
920
499
469
545
560
945
330
144
35
506
890
537
291
316
842
515
140
31
714
57
924
475
864
535
841
465
379
449
78
708
777
3
187
211
424
851
562
619
115
408
925
704
933
709
317
719
261
538
122
533
436
786
259
813
765
611
243
611
399
561
928
483
213
239
415
199
972
928
273
803
847
426
230
974
695
712
39
798
272
252
95
35
744
631
765
204
18
579
360
754
111
698
33
490
209
77
934
706
283
122
369
514
121
910
208
361
129
363
761
98
604
705
95
930
175
434
827
988
531
690
470
508
367
597
534
210
306
705
247
470
188
227
299
17
879
585
398
660
488
366
844
158
744
532
667
948
924
104
496
296
199
149
420
859
783
519
997
679
981
424
394
228
405
956
838
714
947
371
613
937
