40
950
274
891
261
100
234
132
708
610
882
133
262
185
948
881
173
226
790
446
258
460
612
337
51
191
899
426
964
742
668
948
817
700
498
769
467
705
658
660
792
240
922
718
621
505
497
561
4
577
307
526
977
338
533
721
325
868
353
593
586
589
884
646
582
51
658
13
746
966
807
360
439
452
681
561
562
223
218
83
333
380
232
67
96
959
506
175
367
723
284
712
550
184
866
104
596
789
916
918
146
343
422
272
832
38
934
478
136
266
436
61
940
186
217
663
338
601
205
359
890
639
156
904
152
803
747
283
89
427
862
997
883
825
391
113
922
483
729
914
811
957
573
659
210
222
97
438
794
48
257
693
195
113
240
841
834
321
915
284
500
31
627
961
651
672
214
49
670
752
852
914
195
103
24
957
978
105
614
573
227
491
682
108
154
368
695
806
959
474
934
70
205
893
146
59
948
515
403
269
226
742
117
58
641
898
21
666
226
538
165
444
617
214
388
105
227
450
647
623
539
888
436
272
957
249
715
257
255
200
397
814
192
440
984
487
538
360
484
847
494
597
933
26
614
623
597
626
706
286
670
171
119
364
958
319
974
83
204
880
98
657
460
985
366
54
560
923
989
107
396
42
264
956
996
157
149
941
42
365
630
305
114
24
951
9
205
255
34
709
583
927
198
198
749
441
489
809
567
522
961
299
227
565
837
110
4
181
336
513
289
832
970
561
121
745
483
554
486
870
314
680
136
557
901
693
2
940
717
215
878
314
413
368
938
562
857
296
986
682
386
645
724
932
792
306
762
269
895
821
101
914
177
644
321
278
503
759
935
218
647
108
989
161
336
438
423
299
482
908
615
591
943
147
66
31
949
705
297
972
635
799
104
487
574
34
566
106
720
886
763
269
375
429
954
184
441
321
389
59
289
555
371
257
89
317
166
590
903
695
639
532
612
289
246
7
965
729
8
831
591
675
615
604
554
970
396
62
10
482
655
169
649
886
295
219
230
596
552
94
175
76
91
885
617
217
791
121
827
726
333
430
302
732
304
674
112
770
919
318
104
243
799
48
312
914
176
964
514
196
609
757
517
790
374
365
910
633
508
996
922
556
310
378
873
583
466
608
716
212
303
726
137
883
939
227
33
422
127
949
141
841
375
603
997
394
218
532
360
170
804
826
851
929
427
254
851
866
827
737
344
453
63
273
880
121
509
15
680
361
88
43
994
566
650
875
206
389
27
283
289
617
963
195
417
885
332
697
786
504
506
716
762
428
924
244
628
386
437
761
548
34
303
165
280
774
134
336
40
494
365
88
352
37
266
941
159
528
19
943
562
381
932
485
1000
842
267
801
815
595
315
821
921
411
103
511
108
775
750
647
493
517
983
513
1
623
59
921
7
146
368
847
939
999
13
139
303
291
71
111
391
12
885
117
251
233
448
649
976
147
955
640
89
883
746
925
745
799
207
393
241
443
617
50
427
439
625
440
795
420
828
845
665
385
31
978
797
215
113
203
877
430
821
996
931
116
696
584
349
680
494
337
952
762
439
658
364
194
146
210
915
449
421
237
555
691
58
817
951
91
384
158
162
997
257
448
210
186
325
789
607
493
876
851
823
398
165
673
870
890
321
742
574
125
760
861
863
214
146
511
886
113
991
631
631
139
210
189
582
615
436
545
5
244
102
513
787
957
85
320
324
777
121
317
795
761
499
273
360
531
712
187
705
48
987
800
799
237
323
624
443
534
755
574
614
576
268
390
334
725
910
239
54
66
927
658
383
835
682
650
846
721
911
344
166
341
554
271
258
331
948
485
43
907
481
268
393
549
153
290
199
934
547
857
873
11
672
56
430
716
887
522
74
392
842
104
67
350
611
88
880
848
685
933
353
676
420
194
9
920
726
555
23
895
414
326
705
936
11
330
173
572
206
271
484
850
8
75
292
748
559
660
214
642
290
362
641
77
528
106
557
282
762
388
662
891
697
124
818
657
439
116
671
192
617
926
129
135
648
344
497
337
260
241
844
43
972
526
616
90
770
387
67
618
274
845
888
447
796
937
627
896
924
27
885
51
584
107
810
323
176
993
845
944
415
344
545
974
125
417
260
206
43
929
973
226
780
857
943
319
742
460
392
793
747
862
766
890
131
797
25
26
623
226
912
196
224
836
10
722
163
241
