40
250
381
440
795
516
862
404
298
340
897
651
716
346
936
556
495
284
825
123
724
169
494
736
737
179
616
879
565
546
887
181
312
59
635
522
717
146
663
111
347
547
983
451
173
858
199
586
415
558
801
211
368
39
510
725
694
181
966
857
85
723
597
46
423
699
636
417
767
759
652
829
292
664
939
698
867
132
904
933
329
738
102
280
542
105
164
584
642
269
17
967
945
794
756
10
980
824
56
53
449
590
95
972
175
80
636
872
432
950
50
942
554
409
102
152
421
131
878
351
798
959
309
245
215
951
122
238
606
30
928
201
423
865
61
234
141
431
770
712
214
27
94
354
909
866
489
426
502
133
806
851
154
513
596
890
333
851
815
37
960
160
30
423
989
920
301
60
410
410
981
77
603
129
202
167
15
260
472
34
562
948
608
137
909
384
229
41
183
73
593
611
211
772
854
262
832
808
516
993
725
574
893
196
547
323
959
733
985
903
476
461
269
483
144
842
232
363
755
752
794
861
405
695
372
12
788
471
637
534
53
406
94
375
276
836
986
492
707
433
100
640
926
909
354
476
295
523
779
50
930
771
