50
600
251
735
358
229
339
782
396
865
3
246
658
113
74
727
40
453
389
81
181
501
29
242
72
4
668
541
724
491
658
951
202
759
799
580
568
644
374
235
665
809
524
933
49
530
771
821
350
747
684
582
691
789
495
58
725
831
83
297
606
782
817
26
533
342
435
301
351
74
808
688
214
63
741
870
562
880
793
16
375
522
733
947
109
466
983
74
418
214
6
888
173
830
872
725
937
41
136
915
817
405
28
811
727
737
376
995
743
759
713
389
4
631
245
798
517
63
347
524
106
554
713
176
923
541
528
69
377
895
220
23
102
375
945
511
740
569
506
801
205
576
463
407
678
639
139
887
518
185
774
462
787
455
145
853
912
577
655
609
636
273
7
594
496
375
173
146
325
982
687
902
297
475
919
788
201
359
579
205
885
72
492
70
219
620
341
702
737
31
100
852
18
949
935
45
599
834
225
281
623
893
557
999
379
929
307
163
844
1
98
341
392
773
660
95
701
36
222
529
766
267
821
554
173
877
182
568
20
948
767
349
521
39
811
920
31
927
109
435
72
413
202
999
231
200
843
532
926
425
233
818
666
480
947
226
426
672
970
889
528
783
462
719
647
548
266
760
872
81
431
111
170
736
295
83
68
213
794
639
11
46
7
537
129
991
213
749
885
129
748
101
876
490
303
757
353
768
328
770
438
688
539
928
499
476
679
594
612
846
144
462
103
988
285
92
921
65
505
347
512
873
781
327
713
182
248
210
793
158
204
322
940
906
161
759
929
204
408
670
929
469
550
106
958
324
218
597
202
717
723
40
988
959
414
229
696
613
559
313
26
945
114
995
310
212
648
936
244
632
110
30
541
115
213
242
904
664
926
755
3
60
564
653
157
531
519
791
266
932
398
949
373
11
715
711
814
205
134
603
558
431
987
984
180
363
908
778
728
107
456
866
85
263
274
409
342
834
205
794
24
208
406
526
676
383
626
402
813
75
642
437
629
875
447
812
413
781
681
660
928
2
356
12
977
621
981
406
417
297
311
823
241
539
991
491
74
360
631
658
561
755
692
172
258
477
703
888
718
306
236
708
107
705
451
291
787
715
184
602
316
370
933
484
434
922
608
782
188
398
97
803
761
336
522
77
879
967
92
387
555
749
457
13
781
466
275
447
799
410
188
277
750
345
353
97
354
713
910
960
758
170
333
187
782
309
375
963
206
101
313
153
543
900
969
549
690
836
773
797
635
350
932
583
754
344
891
91
37
791
679
396
503
936
445
385
719
629
771
462
203
902
304
290
66
268
749
444
869
568
452
437
688
556
576
710
676
400
378
697
673
54
452
297
687
96
962
266
669
700
951
762
796
790
481
612
681
564
320
735
653
152
