50
250
743
770
143
820
298
978
555
579
383
383
284
816
826
194
677
444
970
870
810
851
288
77
64
734
176
478
642
631
595
165
251
577
566
419
302
592
165
330
461
357
66
882
218
36
20
743
555
608
482
44
111
189
167
67
414
40
202
800
115
710
190
385
143
268
419
271
121
442
217
275
209
931
236
168
873
668
879
171
454
294
567
672
808
94
860
672
567
136
22
197
126
124
74
647
320
586
863
117
294
444
200
427
451
824
884
601
960
625
857
491
794
853
161
604
33
374
956
548
483
25
39
657
552
579
451
971
940
451
753
440
183
521
753
912
476
44
314
122
383
889
414
872
8
104
757
646
304
236
475
2
142
428
999
936
830
649
328
754
794
8
911
727
140
184
583
166
756
651
946
227
340
390
130
640
109
271
683
746
611
622
385
355
516
683
889
280
664
319
977
681
28
644
192
547
547
911
984
698
490
320
467
349
679
301
263
110
686
819
888
853
853
484
735
201
6
421
745
267
192
178
360
905
384
665
945
549
909
240
163
361
308
995
309
339
609
956
399
77
386
693
192
46
779
412
835
570
531
319
34
977
