50
950
109
436
235
915
563
352
894
655
665
718
773
404
7
482
843
933
287
407
754
841
974
26
724
933
878
248
212
986
746
639
4
379
571
721
597
24
422
253
62
810
690
449
997
130
1
275
902
516
744
735
321
126
812
752
185
971
818
244
466
391
574
72
602
747
463
222
694
507
977
344
689
949
287
187
263
405
18
177
596
977
769
209
916
613
47
859
237
718
951
946
920
116
532
117
174
411
53
63
556
403
867
459
843
201
181
887
939
73
376
523
694
609
644
341
280
618
135
624
869
803
245
930
93
309
801
655
318
557
190
862
502
200
268
74
116
540
263
434
296
142
544
871
82
617
827
639
538
543
678
210
864
477
768
863
678
197
340
376
596
376
366
775
622
856
508
762
607
614
435
537
639
250
373
29
549
78
458
282
218
567
161
318
691
281
656
959
313
86
979
305
630
420
60
321
320
381
862
106
492
208
96
681
173
244
564
182
581
930
752
989
647
379
132
728
846
714
384
52
738
214
940
65
935
190
929
769
360
905
251
542
489
873
967
30
402
569
406
803
13
875
180
477
543
469
457
492
979
27
452
788
953
915
757
672
342
825
916
733
828
307
483
487
579
635
171
313
879
107
873
960
359
557
844
562
232
991
696
571
969
740
795
833
552
372
547
148
682
325
101
465
195
983
323
850
882
191
999
374
682
928
911
106
340
312
628
551
362
513
845
371
167
224
328
95
833
34
283
385
699
43
840
735
616
925
168
168
231
249
382
226
175
212
74
934
211
634
941
675
745
635
362
452
30
229
639
484
963
162
320
144
406
762
17
801
672
957
803
744
654
429
705
656
872
84
187
135
320
526
322
821
599
625
742
420
295
338
384
665
479
402
464
607
977
616
503
863
364
715
84
546
442
644
119
665
358
832
130
98
476
713
779
151
857
169
113
929
418
838
276
93
434
313
678
816
255
466
589
527
951
978
568
111
135
725
659
463
548
126
704
404
117
70
551
357
697
535
590
828
316
635
102
404
812
186
383
368
258
329
519
340
231
408
658
752
965
957
289
35
51
800
115
33
769
741
430
492
853
61
818
827
971
950
5
755
944
502
379
479
136
322
571
471
932
223
776
943
88
491
32
502
495
971
197
643
719
609
451
837
225
844
656
169
858
221
923
176
990
499
736
434
963
286
57
808
705
148
955
585
328
969
399
492
30
564
977
315
312
267
75
126
821
681
325
948
237
999
275
6
399
588
462
102
307
958
390
979
438
801
470
122
375
216
256
589
698
319
639
293
26
56
423
412
339
262
613
2
351
788
793
679
868
271
451
358
382
968
109
859
279
753
590
103
957
270
308
826
578
909
782
800
950
154
517
139
985
733
567
357
420
790
179
148
65
877
700
245
493
212
333
265
198
683
610
418
201
290
524
528
250
264
208
864
602
77
11
94
687
774
536
798
612
724
929
819
393
587
442
725
388
397
857
178
931
142
848
467
402
5
684
741
748
684
916
624
934
598
711
129
206
646
801
72
550
976
793
707
231
911
731
290
703
241
515
866
23
55
776
207
119
418
629
399
59
334
878
132
353
149
845
191
537
968
810
399
72
516
56
581
929
864
676
146
593
417
450
3
199
554
441
185
261
796
205
114
81
105
704
578
180
606
638
133
22
419
536
666
72
403
75
324
893
825
900
535
577
292
161
830
291
987
617
315
765
424
855
417
718
161
380
627
514
338
579
347
308
804
751
276
569
824
606
619
429
985
208
636
942
921
722
264
821
260
376
635
901
136
277
6
385
149
251
28
396
943
988
571
458
104
82
883
481
487
439
675
182
383
566
929
508
676
15
223
970
733
320
996
710
448
273
212
928
256
994
251
552
381
166
84
594
333
917
811
46
208
809
65
95
293
393
219
16
41
255
341
559
724
725
213
894
936
478
781
499
794
680
798
702
113
426
688
543
886
230
135
9
788
799
447
270
866
285
254
501
647
793
809
25
916
580
1000
36
790
758
138
138
609
559
372
370
24
27
19
878
593
948
880
878
724
187
113
748
874
853
110
238
151
459
364
725
281
18
869
982
934
505
613
83
109
354
540
306
584
46
534
832
89
354
332
778
530
683
215
809
80
36
714
369
112
687
535
823
522
100
10
396
596
456
827
371
582
240
430
482
496
842
215
55
125
697
367
