70
950
414
830
137
510
882
985
684
802
522
33
219
505
52
635
219
896
115
717
102
586
221
733
223
545
492
520
498
118
686
233
777
654
137
732
582
148
867
996
251
181
231
737
317
283
747
936
805
347
529
545
733
999
763
293
467
464
804
624
381
287
316
125
566
933
850
479
735
311
685
574
481
123
325
635
467
632
353
52
163
240
364
828
688
792
729
273
40
894
692
879
374
365
394
648
67
249
316
355
454
802
44
978
344
557
832
896
867
525
327
153
61
346
908
196
269
824
18
879
628
818
495
625
561
460
567
614
341
587
657
764
223
51
793
792
666
808
902
204
805
346
447
101
851
212
443
527
924
164
838
878
612
187
102
205
85
402
614
13
47
444
289
101
814
602
88
741
390
934
578
141
145
233
972
975
383
319
807
938
944
227
279
223
735
916
795
606
98
676
863
777
247
559
607
199
754
390
955
210
647
627
319
667
289
583
624
969
726
257
402
197
360
318
549
382
3
897
297
807
830
663
495
874
411
919
939
795
240
364
13
261
227
837
157
623
342
98
473
735
31
748
950
570
597
892
331
497
552
404
138
118
76
418
114
427
969
527
506
356
456
311
109
259
129
768
519
467
937
259
614
380
679
125
12
165
683
76
411
335
303
838
212
360
155
244
896
221
487
182
137
788
309
40
608
140
392
166
932
251
839
524
584
967
931
983
365
818
207
91
466
37
5
44
436
148
959
467
852
626
643
839
602
919
2
216
124
166
521
57
928
866
738
16
102
209
91
528
638
887
129
986
806
943
312
222
134
74
113
141
675
112
542
759
89
698
954
274
667
357
363
886
380
816
702
181
777
10
524
927
445
826
883
102
736
291
918
731
145
773
487
660
22
719
146
185
614
231
747
81
368
78
133
74
765
528
276
877
953
799
570
383
593
127
539
750
50
912
502
74
466
674
338
710
86
324
413
927
223
521
429
151
44
626
455
238
230
281
40
913
294
630
169
302
442
791
968
758
183
522
386
447
294
49
919
301
697
510
33
487
962
194
471
871
696
270
21
678
532
860
943
371
998
896
627
861
407
664
63
204
903
493
154
647
356
193
721
760
308
784
539
629
612
983
378
614
585
573
22
855
32
811
10
868
407
651
587
994
514
898
152
460
945
403
756
793
565
212
645
661
23
692
112
638
991
35
658
345
1
700
725
671
828
531
694
728
490
937
721
282
52
737
827
145
310
26
913
862
323
877
866
863
486
172
578
187
879
879
822
394
118
434
947
683
676
846
172
234
630
772
727
358
201
229
149
37
678
640
909
12
257
7
738
479
803
323
981
39
171
453
821
488
129
237
77
199
272
975
470
875
989
354
63
769
420
993
253
168
285
709
792
736
169
631
883
31
178
15
188
406
707
407
433
356
5
119
505
563
471
694
779
792
396
572
843
983
247
655
54
987
29
462
523
959
453
457
618
613
169
567
361
182
7
399
87
170
907
609
950
342
198
11
611
903
886
76
789
457
69
16
445
128
701
634
789
846
614
166
782
743
542
317
508
544
665
18
420
707
138
621
169
432
352
832
172
497
242
606
100
391
838
412
881
432
512
810
876
392
584
884
855
136
569
110
375
286
691
877
578
349
108
610
106
442
727
814
650
555
710
745
352
825
377
826
518
513
244
33
573
763
365
15
572
128
666
937
76
435
869
869
768
722
567
354
125
189
490
198
837
551
64
924
509
686
906
198
876
7
525
360
553
635
341
303
428
938
813
404
438
363
762
806
762
589
972
840
657
1
651
486
712
307
738
406
982
625
165
283
806
786
823
923
94
665
634
129
230
560
662
525
538
696
965
247
522
506
604
898
950
761
709
847
234
35
621
250
36
219
415
380
708
595
310
372
770
192
48
160
233
327
528
475
786
196
802
880
536
759
975
575
849
864
437
728
355
474
695
954
763
891
217
676
435
15
693
15
968
562
910
177
483
714
260
151
18
895
813
171
164
365
383
96
863
223
889
338
348
939
480
211
376
208
846
795
667
530
993
766
636
182
844
38
52
45
746
241
278
10
487
675
879
740
822
950
746
1
758
799
521
601
662
170
192
128
61
501
926
575
45
458
850
174
979
368
897
941
110
328
392
6
179
788
954
387
202
35
122
44
104
888
250
113
634
620
650
598
496
768
179
85
426
803
