70
250
559
685
429
977
117
632
922
373
665
96
909
491
333
972
644
832
927
763
861
727
368
125
897
904
996
791
18
944
299
552
847
488
591
892
890
566
944
602
250
158
441
2
717
540
323
763
538
288
479
353
556
931
620
765
537
854
659
411
472
547
335
128
803
451
749
268
587
426
413
321
564
507
103
540
196
93
877
919
563
931
13
134
738
252
568
185
773
127
982
172
915
491
349
657
857
38
442
182
886
623
165
875
560
783
874
158
653
125
386
868
267
910
882
352
493
402
260
195
359
946
559
54
191
706
601
919
845
90
488
230
963
946
950
961
761
864
405
555
743
634
916
79
189
155
380
815
545
116
859
391
719
369
448
208
938
998
599
126
331
317
580
15
585
935
976
227
211
241
607
691
353
310
245
800
432
515
787
39
833
729
775
913
566
300
990
732
332
752
776
521
672
191
537
319
754
615
531
885
893
665
452
720
810
556
27
20
812
693
433
425
488
388
702
940
723
92
579
745
583
435
1000
22
553
259
745
701
900
922
668
88
30
280
299
865
690
572
810
334
148
957
683
806
189
333
594
7
826
342
755
722
