70
600
16
569
452
712
711
446
161
840
319
437
525
563
346
716
101
258
325
263
154
559
123
633
438
309
566
996
728
74
665
45
126
979
477
177
328
763
155
267
866
135
821
762
624
44
810
909
585
89
584
271
25
65
511
369
85
917
193
364
265
103
772
219
796
599
927
216
270
561
599
157
87
332
213
675
262
356
220
960
280
479
686
535
800
431
663
132
697
806
323
345
259
815
163
608
132
978
904
541
862
97
77
856
148
636
338
557
592
783
244
144
878
869
567
160
972
142
286
711
77
254
938
856
578
158
993
73
281
30
277
681
510
914
192
257
118
138
257
678
552
228
977
883
97
253
687
153
39
912
350
893
127
227
308
828
303
103
303
34
490
714
837
280
626
470
463
315
157
30
748
463
549
76
145
298
463
256
694
78
714
217
51
411
294
786
399
823
669
843
289
341
607
500
926
283
711
442
11
690
340
498
265
949
544
866
621
342
667
520
982
76
584
271
738
555
849
405
873
864
942
673
715
128
392
948
945
696
361
61
347
68
974
997
641
791
44
52
756
32
418
780
395
758
1
176
962
177
554
732
387
782
315
464
727
976
311
876
633
70
664
423
713
932
781
833
706
929
901
260
532
477
108
464
280
966
282
70
42
958
692
888
282
390
395
335
674
379
882
181
156
60
264
934
475
137
286
621
143
487
794
919
588
276
360
600
288
313
7
124
334
41
830
410
413
410
424
257
677
255
745
263
31
372
417
233
613
497
371
574
642
812
80
360
466
770
394
844
370
74
582
405
202
434
892
701
892
581
527
545
298
972
836
246
486
96
582
296
432
275
79
946
25
757
187
920
753
563
312
834
766
674
339
310
277
661
621
128
745
298
328
880
703
293
522
968
477
704
614
956
924
394
881
579
50
234
291
38
416
674
333
24
21
850
28
107
669
922
721
474
559
391
360
145
450
954
856
171
813
189
437
881
121
512
541
142
570
664
343
564
932
974
766
593
206
3
988
567
154
799
919
175
908
476
842
819
443
837
532
661
8
935
752
577
66
948
413
211
805
721
247
852
330
15
412
822
897
170
395
978
847
917
769
637
40
879
500
655
712
198
574
583
703
1
805
130
124
659
735
395
498
842
18
294
985
370
630
671
790
868
440
176
542
631
500
168
564
177
256
813
688
492
585
241
414
813
767
197
739
718
405
873
939
329
247
974
552
381
421
357
449
783
745
855
902
159
334
143
127
598
370
386
793
679
656
327
204
669
161
907
516
562
657
62
996
646
908
856
704
44
127
386
150
53
538
960
526
842
928
754
10
123
167
383
458
884
172
154
170
153
39
210
912
997
882
786
150
536
232
483
79
463
389
961
884
922
572
202
104
25
850
6
